#iter energy            energy_diff  abs_dens     rel_dens     abs_ev       rel_ev      
    1    5.74078110E-01  5.74078E-01  1.33999E+00  6.69993E-01  2.76957E+01  3.90211E+01
    2   -1.56358309E+00  2.13766E+00  1.86946E+00  9.34732E-01  1.66945E+00  1.73958E+00
    3   -1.74712903E+00  1.83546E-01  2.38049E-01  1.19025E-01  1.15640E-01  1.07540E-01
    4   -1.31475375E+00  4.32375E-01  1.37951E-01  6.89757E-02  3.91122E-01  5.71648E-01
    5   -9.98428116E-01  3.16326E-01  9.32968E-02  4.66484E-02  2.84189E-01  7.10451E-01
    6   -9.39143311E-01  5.92848E-02  6.05240E-02  3.02620E-02  5.09995E-02  1.46125E-01
    7   -9.33409386E-01  5.73392E-03  1.08021E-02  5.40107E-03  4.45497E-03  1.29295E-02
    8   -8.77640517E-01  5.57689E-02  4.31015E-02  2.15507E-02  4.75263E-02  1.60005E-01
    9   -8.79033237E-01  1.39272E-03  2.64973E-03  1.32486E-03  8.95579E-04  3.00604E-03
   10   -8.78332077E-01  7.01160E-04  9.31853E-04  4.65926E-04  6.83841E-04  2.30061E-03
   11   -8.78305385E-01  2.66922E-05  1.45093E-04  7.25466E-05  2.55172E-05  8.58536E-05
   12   -8.78344582E-01  3.91967E-05  7.03055E-05  3.51527E-05  3.21045E-05  1.08005E-04
   13   -8.78336395E-01  8.18654E-06  9.70938E-06  4.85469E-06  7.60421E-06  2.55826E-05
   14   -8.78341077E-01  4.68139E-06  3.58841E-06  1.79421E-06  4.50372E-06  1.51515E-05
   15   -8.78348760E-01  7.68353E-06  3.76662E-06  1.88331E-06  6.85337E-06  2.30557E-05
   16   -8.78348207E-01  5.52857E-07  2.89484E-07  1.44742E-07  5.12766E-07  1.72502E-06
   17   -8.78348284E-01  7.61569E-08  4.08513E-07  2.04256E-07  7.42290E-09  2.49717E-08
