# energy [H], band-resolved DOS
  -10.464437    0.000022
  -10.438495    0.000022
  -10.412553    0.000022
  -10.386612    0.000022
  -10.360670    0.000022
  -10.334728    0.000022
  -10.308786    0.000023
  -10.282844    0.000023
  -10.256902    0.000023
  -10.230960    0.000023
  -10.205018    0.000023
  -10.179076    0.000023
  -10.153134    0.000023
  -10.127192    0.000023
  -10.101251    0.000023
  -10.075309    0.000024
  -10.049367    0.000024
  -10.023425    0.000024
   -9.997483    0.000024
   -9.971541    0.000024
   -9.945599    0.000024
   -9.919657    0.000024
   -9.893715    0.000024
   -9.867773    0.000025
   -9.841831    0.000025
   -9.815890    0.000025
   -9.789948    0.000025
   -9.764006    0.000025
   -9.738064    0.000025
   -9.712122    0.000025
   -9.686180    0.000025
   -9.660238    0.000026
   -9.634296    0.000026
   -9.608354    0.000026
   -9.582412    0.000026
   -9.556470    0.000026
   -9.530529    0.000026
   -9.504587    0.000026
   -9.478645    0.000027
   -9.452703    0.000027
   -9.426761    0.000027
   -9.400819    0.000027
   -9.374877    0.000027
   -9.348935    0.000027
   -9.322993    0.000027
   -9.297051    0.000028
   -9.271109    0.000028
   -9.245168    0.000028
   -9.219226    0.000028
   -9.193284    0.000028
   -9.167342    0.000028
   -9.141400    0.000028
   -9.115458    0.000029
   -9.089516    0.000029
   -9.063574    0.000029
   -9.037632    0.000029
   -9.011690    0.000029
   -8.985748    0.000029
   -8.959807    0.000030
   -8.933865    0.000030
   -8.907923    0.000030
   -8.881981    0.000030
   -8.856039    0.000030
   -8.830097    0.000030
   -8.804155    0.000031
   -8.778213    0.000031
   -8.752271    0.000031
   -8.726329    0.000031
   -8.700387    0.000031
   -8.674446    0.000031
   -8.648504    0.000032
   -8.622562    0.000032
   -8.596620    0.000032
   -8.570678    0.000032
   -8.544736    0.000032
   -8.518794    0.000033
   -8.492852    0.000033
   -8.466910    0.000033
   -8.440968    0.000033
   -8.415026    0.000033
   -8.389085    0.000034
   -8.363143    0.000034
   -8.337201    0.000034
   -8.311259    0.000034
   -8.285317    0.000034
   -8.259375    0.000035
   -8.233433    0.000035
   -8.207491    0.000035
   -8.181549    0.000035
   -8.155607    0.000035
   -8.129665    0.000036
   -8.103724    0.000036
   -8.077782    0.000036
   -8.051840    0.000036
   -8.025898    0.000037
   -7.999956    0.000037
   -7.974014    0.000037
   -7.948072    0.000037
   -7.922130    0.000037
   -7.896188    0.000038
   -7.870246    0.000038
   -7.844304    0.000038
   -7.818363    0.000038
   -7.792421    0.000039
   -7.766479    0.000039
   -7.740537    0.000039
   -7.714595    0.000039
   -7.688653    0.000040
   -7.662711    0.000040
   -7.636769    0.000040
   -7.610827    0.000040
   -7.584885    0.000041
   -7.558943    0.000041
   -7.533002    0.000041
   -7.507060    0.000042
   -7.481118    0.000042
   -7.455176    0.000042
   -7.429234    0.000042
   -7.403292    0.000043
   -7.377350    0.000043
   -7.351408    0.000043
   -7.325466    0.000044
   -7.299524    0.000044
   -7.273582    0.000044
   -7.247641    0.000044
   -7.221699    0.000045
   -7.195757    0.000045
   -7.169815    0.000045
   -7.143873    0.000046
   -7.117931    0.000046
   -7.091989    0.000046
   -7.066047    0.000047
   -7.040105    0.000047
   -7.014163    0.000047
   -6.988221    0.000048
   -6.962280    0.000048
   -6.936338    0.000048
   -6.910396    0.000049
   -6.884454    0.000049
   -6.858512    0.000049
   -6.832570    0.000050
   -6.806628    0.000050
   -6.780686    0.000050
   -6.754744    0.000051
   -6.728802    0.000051
   -6.702860    0.000052
   -6.676919    0.000052
   -6.650977    0.000052
   -6.625035    0.000053
   -6.599093    0.000053
   -6.573151    0.000054
   -6.547209    0.000054
   -6.521267    0.000054
   -6.495325    0.000055
   -6.469383    0.000055
   -6.443441    0.000056
   -6.417499    0.000056
   -6.391558    0.000056
   -6.365616    0.000057
   -6.339674    0.000057
   -6.313732    0.000058
   -6.287790    0.000058
   -6.261848    0.000059
   -6.235906    0.000059
   -6.209964    0.000060
   -6.184022    0.000060
   -6.158080    0.000061
   -6.132138    0.000061
   -6.106197    0.000062
   -6.080255    0.000062
   -6.054313    0.000063
   -6.028371    0.000063
   -6.002429    0.000064
   -5.976487    0.000064
   -5.950545    0.000065
   -5.924603    0.000065
   -5.898661    0.000066
   -5.872719    0.000066
   -5.846777    0.000067
   -5.820836    0.000067
   -5.794894    0.000068
   -5.768952    0.000069
   -5.743010    0.000069
   -5.717068    0.000070
   -5.691126    0.000070
   -5.665184    0.000071
   -5.639242    0.000072
   -5.613300    0.000072
   -5.587358    0.000073
   -5.561416    0.000074
   -5.535475    0.000074
   -5.509533    0.000075
   -5.483591    0.000076
   -5.457649    0.000076
   -5.431707    0.000077
   -5.405765    0.000078
   -5.379823    0.000078
   -5.353881    0.000079
   -5.327939    0.000080
   -5.301997    0.000080
   -5.276055    0.000081
   -5.250114    0.000082
   -5.224172    0.000083
   -5.198230    0.000084
   -5.172288    0.000084
   -5.146346    0.000085
   -5.120404    0.000086
   -5.094462    0.000087
   -5.068520    0.000088
   -5.042578    0.000088
   -5.016636    0.000089
   -4.990694    0.000090
   -4.964753    0.000091
   -4.938811    0.000092
   -4.912869    0.000093
   -4.886927    0.000094
   -4.860985    0.000095
   -4.835043    0.000096
   -4.809101    0.000097
   -4.783159    0.000098
   -4.757217    0.000099
   -4.731275    0.000100
   -4.705333    0.000101
   -4.679392    0.000102
   -4.653450    0.000103
   -4.627508    0.000104
   -4.601566    0.000105
   -4.575624    0.000106
   -4.549682    0.000107
   -4.523740    0.000108
   -4.497798    0.000110
   -4.471856    0.000111
   -4.445914    0.000112
   -4.419972    0.000113
   -4.394031    0.000114
   -4.368089    0.000116
   -4.342147    0.000117
   -4.316205    0.000118
   -4.290263    0.000120
   -4.264321    0.000121
   -4.238379    0.000122
   -4.212437    0.000124
   -4.186495    0.000125
   -4.160553    0.000127
   -4.134611    0.000128
   -4.108670    0.000130
   -4.082728    0.000131
   -4.056786    0.000133
   -4.030844    0.000134
   -4.004902    0.000136
   -3.978960    0.000138
   -3.953018    0.000139
   -3.927076    0.000141
   -3.901134    0.000143
   -3.875192    0.000144
   -3.849250    0.000146
   -3.823309    0.000148
   -3.797367    0.000150
   -3.771425    0.000152
   -3.745483    0.000154
   -3.719541    0.000156
   -3.693599    0.000158
   -3.667657    0.000160
   -3.641715    0.000162
   -3.615773    0.000164
   -3.589831    0.000166
   -3.563889    0.000169
   -3.537948    0.000171
   -3.512006    0.000173
   -3.486064    0.000176
   -3.460122    0.000178
   -3.434180    0.000180
   -3.408238    0.000183
   -3.382296    0.000185
   -3.356354    0.000188
   -3.330412    0.000191
   -3.304470    0.000194
   -3.278528    0.000196
   -3.252587    0.000199
   -3.226645    0.000202
   -3.200703    0.000205
   -3.174761    0.000208
   -3.148819    0.000211
   -3.122877    0.000214
   -3.096935    0.000218
   -3.070993    0.000221
   -3.045051    0.000224
   -3.019109    0.000228
   -2.993167    0.000232
   -2.967225    0.000235
   -2.941284    0.000239
   -2.915342    0.000243
   -2.889400    0.000247
   -2.863458    0.000251
   -2.837516    0.000255
   -2.811574    0.000259
   -2.785632    0.000263
   -2.759690    0.000268
   -2.733748    0.000273
   -2.707806    0.000277
   -2.681864    0.000282
   -2.655923    0.000287
   -2.629981    0.000292
   -2.604039    0.000297
   -2.578097    0.000303
   -2.552155    0.000308
   -2.526213    0.000314
   -2.500271    0.000319
   -2.474329    0.000325
   -2.448387    0.000332
   -2.422445    0.000338
   -2.396503    0.000344
   -2.370562    0.000351
   -2.344620    0.000358
   -2.318678    0.000365
   -2.292736    0.000372
   -2.266794    0.000380
   -2.240852    0.000387
   -2.214910    0.000395
   -2.188968    0.000404
   -2.163026    0.000412
   -2.137084    0.000421
   -2.111142    0.000430
   -2.085201    0.000439
   -2.059259    0.000449
   -2.033317    0.000459
   -2.007375    0.000469
   -1.981433    0.000479
   -1.955491    0.000490
   -1.929549    0.000502
   -1.903607    0.000514
   -1.877665    0.000526
   -1.851723    0.000538
   -1.825781    0.000551
   -1.799840    0.000565
   -1.773898    0.000579
   -1.747956    0.000594
   -1.722014    0.000609
   -1.696072    0.000625
   -1.670130    0.000641
   -1.644188    0.000658
   -1.618246    0.000676
   -1.592304    0.000694
   -1.566362    0.000713
   -1.540420    0.000733
   -1.514479    0.000754
   -1.488537    0.000776
   -1.462595    0.000799
   -1.436653    0.000822
   -1.410711    0.000847
   -1.384769    0.000873
   -1.358827    0.000900
   -1.332885    0.000929
   -1.306943    0.000958
   -1.281001    0.000990
   -1.255059    0.001022
   -1.229118    0.001057
   -1.203176    0.001093
   -1.177234    0.001131
   -1.151292    0.001171
   -1.125350    0.001214
   -1.099408    0.001258
   -1.073466    0.001306
   -1.047524    0.001356
   -1.021582    0.001408
   -0.995640    0.001464
   -0.969698    0.001524
   -0.943757    0.001587
   -0.917815    0.001654
   -0.891873    0.001725
   -0.865931    0.001801
   -0.839989    0.001882
   -0.814047    0.001969
   -0.788105    0.002062
   -0.762163    0.002162
   -0.736221    0.002269
   -0.710279    0.002385
   -0.684337    0.002509
   -0.658396    0.002643
   -0.632454    0.002789
   -0.606512    0.002947
   -0.580570    0.003118
   -0.554628    0.003305
   -0.528686    0.003510
   -0.502744    0.003734
   -0.476802    0.003980
   -0.450860    0.004251
   -0.424918    0.004551
   -0.398976    0.004884
   -0.373035    0.005254
   -0.347093    0.005669
   -0.321151    0.006135
   -0.295209    0.006660
   -0.269267    0.007256
   -0.243325    0.007936
   -0.217383    0.008716
   -0.191441    0.009617
   -0.165499    0.010665
   -0.139557    0.011894
   -0.113615    0.013349
   -0.087674    0.015088
   -0.061732    0.017190
   -0.035790    0.019764
   -0.009848    0.022962
    0.016094    0.027004
    0.042036    0.032215
    0.067978    0.039094
    0.093920    0.048435
    0.119862    0.061570
    0.145804    0.080870
    0.171746    0.110890
    0.197687    0.161316
    0.223629    0.255848
    0.249571    0.465829
    0.275513    1.094803
    0.301455    4.792479
    0.327397   30.794014
    0.353339    2.598437
    0.379281    0.790027
    0.405223    0.373794
    0.431165    0.216764
    0.457107    0.141244
    0.483048    0.099255
    0.508990    0.073536
    0.534932    0.056654
    0.560874    0.044980
    0.586816    0.036575
    0.612758    0.030322
    0.638700    0.025545
    0.664642    0.021815
    0.690584    0.018845
    0.716526    0.016443
    0.742468    0.014472
    0.768409    0.012836
    0.794351    0.011462
    0.820293    0.010297
    0.846235    0.009302
    0.872177    0.008444
    0.898119    0.007699
    0.924061    0.007049
    0.950003    0.006478
    0.975945    0.005973
    1.001887    0.005526
    1.027829    0.005126
    1.053770    0.004769
    1.079712    0.004447
    1.105654    0.004158
    1.131596    0.003895
    1.157538    0.003657
    1.183480    0.003439
    1.209422    0.003241
    1.235364    0.003059
    1.261306    0.002893
    1.287248    0.002739
    1.313190    0.002597
    1.339131    0.002466
    1.365073    0.002345
    1.391015    0.002233
    1.416957    0.002128
    1.442899    0.002031
    1.468841    0.001940
    1.494783    0.001855
    1.520725    0.001775
    1.546667    0.001701
    1.572609    0.001631
    1.598551    0.001565
    1.624492    0.001503
    1.650434    0.001445
    1.676376    0.001390
    1.702318    0.001339
    1.728260    0.001290
    1.754202    0.001243
    1.780144    0.001199
    1.806086    0.001158
    1.832028    0.001118
    1.857970    0.001081
    1.883912    0.001045
    1.909853    0.001011
    1.935795    0.000979
    1.961737    0.000948
    1.987679    0.000919
    2.013621    0.000891
    2.039563    0.000864
    2.065505    0.000839
    2.091447    0.000814
    2.117389    0.000791
    2.143331    0.000769
    2.169273    0.000747
    2.195214    0.000727
    2.221156    0.000707
    2.247098    0.000688
    2.273040    0.000670
    2.298982    0.000652
    2.324924    0.000635
    2.350866    0.000619
    2.376808    0.000604
    2.402750    0.000589
    2.428692    0.000574
    2.454634    0.000560
    2.480575    0.000547
